<?xml version="1.0" encoding="UTF-8" standalone="no" ?>
<SimscapeMultibodyImportXML version="2.0" xmlns="urn:mathworks:SimscapeMultibody:import" xmlns:xsi="http://www.w3.org/2001/XMLSchema-instance">
<Created by="" on="07/22/21||23:18:36" using="Simscape Multibody Link Version 6.1" from="SolidWorks 28.0.0"/>
<ModelUnits mass="kilogram" length="millimeter"/>
<DataUnits mass="kilogram" length="meter"/>
<RootAssembly name="delta" uid="delta" version="304">
<AssemblyFile name="delta.SLDASM" type="SolidWorks Assembly"/>
<InstanceTree>
<Instance name="deltal2-3" uid="deltal2-3" entityUid="deltal2*:*Default">
<Transform>
<Rotation>-0.96603654502245284 -0.17758420098830358 0.18771586304952606 -0.22733648887480562 0.92942178626114946 -0.29067725065647937 -0.12284752544173599 -0.32347951215259391 -0.93822678000063586</Rotation>
<Translation>0.13885277922892558 -0.13093221045137757 0.4351667450920636</Translation>
</Transform>
</Instance>
<Instance name="deltal2-5" uid="deltal2-5" entityUid="deltal2*:*Default">
<Transform>
<Rotation>-0.96871207810295923 -0.19039548055200806 0.15920574965376116 -0.22859767301901252 0.93427462015530371 -0.2736312080592333 -0.096643745931843869 -0.30146392009498041 -0.94856707261702278</Rotation>
<Translation>0.10391323465661426 -0.13284907983955085 0.49575261853202057</Translation>
</Transform>
</Instance>
<Instance name="deltal2-6" uid="deltal2-6" entityUid="deltal2*:*Default">
<Transform>
<Rotation>-0.84225753390831548 0.47228920405457409 -0.25989450611388409 0.51846727764803568 0.84172877392490408 -0.15061325690360863 0.14762766875798575 -0.26160194739407922 -0.95381889923439234</Rotation>
<Translation>0.49069037702108587 -0.16155784006731691 0.51164425041379968</Translation>
</Transform>
</Instance>
<Instance name="delta l1-2" uid="delta l1-2" entityUid="delta l1*:*Default">
<Transform>
<Rotation>0.58777688701000019 0.63601755565143558 0.50000000000000644 -0.73440981392937132 0.67870628787733078 -2.7755575615628914e-16 -0.33935314393866989 -0.36720490696469021 0.86602540378443493</Rotation>
<Translation>0.50027816871194031 0.39875698670417925 0.44120107291976024</Translation>
</Transform>
</Instance>
<Instance name="deltal2-2" uid="deltal2-2" entityUid="deltal2*:*Default">
<Transform>
<Rotation>-0.90251932227935894 0.18827607290489215 -0.38731252662923038 0.039014516058559379 0.93141652362368887 0.36185788240340766 0.42887846815749908 0.31147291999831012 -0.84796690953043885</Rotation>
<Translation>0.34600530934684359 -0.13030118736322618 0.7944499526133485</Translation>
</Transform>
</Instance>
<Instance name="delta l1-3" uid="delta l1-3" entityUid="delta l1*:*Default">
<Transform>
<Rotation>-0.75857602738761654 -0.4178066666208517 0.49999999999999456 -0.48244158288553601 0.87592814722607171 3.7437501015924468e-16 -0.43796407361303125 -0.24122079144276515 -0.86602540378444171</Rotation>
<Translation>0.24047054757684322 0.39875698670400334 0.4758420890710558</Translation>
</Transform>
</Instance>
<Instance name="deltal2-1" uid="deltal2-1" entityUid="deltal2*:*Default">
<Transform>
<Rotation>-0.89587457880078136 0.1628104002996085 0.41340236164396044 0.27257366476918948 0.93617422698206798 0.22199417561913842 -0.35087367574786249 0.31156153531655445 -0.88307251875391024</Rotation>
<Translation>0.27606425002593726 -0.13218048018980166 0.79441494956262704</Translation>
</Transform>
</Instance>
<Instance name="deltal2-4" uid="deltal2-4" entityUid="deltal2*:*Default">
<Transform>
<Rotation>-0.46387166327733337 0.45963481101325793 0.75733672861754608 -0.04473087236338924 0.84163364338910773 -0.53819323609014846 -0.88477241653768246 -0.28352892413364594 -0.36985013196386285</Rotation>
<Translation>0.45568886227241606 -0.16152026350568136 0.45102337392315534</Translation>
</Transform>
</Instance>
<Instance name="deltahinge-1" uid="deltahinge-1" entityUid="deltahinge*:*Default">
<Transform>
<Rotation>-0.99803531069712936 -0.062642607443543399 -0.001192616601766039 -0.062643094218641823 0.99732696753116878 0.037613329841929555 -0.0011667683570659002 0.037614140529294862 -0.99929165666678299</Rotation>
<Translation>0.24162960731526967 -0.49802127387974715 0.61642210504674999</Translation>
</Transform>
</Instance>
<Instance name="headdelta-1" uid="headdelta-1" grounded="true" entityUid="headdelta*:*Default">
<Transform>
<Rotation>1 0 0 0 1 0 0 0 1</Rotation>
<Translation>0.38037435814446657 0.73375698670406075 0.53352158099533931</Translation>
</Transform>
<VisualProperties>
<Ambient r="1" g="1" b="1" a="1"/>
<Diffuse r="1" g="1" b="1" a="1"/>
<Specular r="0.5" g="0.5" b="0.5" a="1"/>
<Emissive r="0" g="0" b="0" a="1"/>
<Shininess>0.40000000596046448</Shininess>
</VisualProperties>
</Instance>
<Instance name="delta l1-1" uid="delta l1-1" entityUid="delta l1*:*Default">
<Transform>
<Rotation>0 0 -1 -0.47710911600475908 0.87884406547757821 0 0.87884406547757821 0.47710911600475908 0</Rotation>
<Translation>0.40037435814446659 0.39875698670432397 0.68352158099518567</Translation>
</Transform>
</Instance>
</InstanceTree>
<Constraints>
<Concentric name="Concentric1">
<ConstraintGeometry geomType="cylinder">
<InstancePath>
<Uid>headdelta-1</Uid>
</InstancePath>
<Position>0.049999999999999989 -0.33500000000000002 0.14999999999999991</Position>
<Axis>-1 0 0</Axis>
</ConstraintGeometry>
<ConstraintGeometry geomType="cylinder">
<InstancePath>
<Uid>delta l1-1</Uid>
</InstancePath>
<Position>0 0 -0.029999999999999971</Position>
<Axis>0 0 1</Axis>
</ConstraintGeometry>
</Concentric>
<Coincident name="Coincident1">
<ConstraintGeometry geomType="plane">
<InstancePath>
<Uid>headdelta-1</Uid>
</InstancePath>
<Position>0.020000000000000018 -0.33500000000000002 0.14999999999999991</Position>
<Axis>-1 0 0</Axis>
</ConstraintGeometry>
<ConstraintGeometry geomType="plane">
<InstancePath>
<Uid>delta l1-1</Uid>
</InstancePath>
<Position>0 0 0</Position>
<Axis>0 0 -1</Axis>
</ConstraintGeometry>
</Coincident>
<Concentric name="Concentric2">
<ConstraintGeometry geomType="sphere">
<InstancePath>
<Uid>delta l1-1</Uid>
</InstancePath>
<Position>0.28250000000000008 -0.030000000000000138 0.059999999999999998</Position>
</ConstraintGeometry>
<ConstraintGeometry geomType="sphere">
<InstancePath>
<Uid>deltal2-1</Uid>
</InstancePath>
<Position>1.1102230246251565e-16 0.39500000000000002 -1.1102230246251565e-16</Position>
</ConstraintGeometry>
</Concentric>
<Concentric name="Concentric4">
<ConstraintGeometry geomType="sphere">
<InstancePath>
<Uid>delta l1-3</Uid>
</InstancePath>
<Position>0.28250000000000008 -0.029999999999999971 0.059999999999999942</Position>
</ConstraintGeometry>
<ConstraintGeometry geomType="sphere">
<InstancePath>
<Uid>deltal2-3</Uid>
</InstancePath>
<Position>0 0.39500000000000007 0</Position>
</ConstraintGeometry>
</Concentric>
<Concentric name="Concentric5">
<ConstraintGeometry geomType="sphere">
<InstancePath>
<Uid>delta l1-2</Uid>
</InstancePath>
<Position>0.28249999999999997 -0.030000000000000027 0.060000000000000053</Position>
</ConstraintGeometry>
<ConstraintGeometry geomType="sphere">
<InstancePath>
<Uid>deltal2-6</Uid>
</InstancePath>
<Position>0 0.39500000000000002 1.1102230246251565e-16</Position>
</ConstraintGeometry>
</Concentric>
<Concentric name="Concentric6">
<ConstraintGeometry geomType="sphere">
<InstancePath>
<Uid>delta l1-3</Uid>
</InstancePath>
<Position>0.28250000000000008 -0.029999999999999971 -0.020000000000000018</Position>
</ConstraintGeometry>
<ConstraintGeometry geomType="sphere">
<InstancePath>
<Uid>deltal2-5</Uid>
</InstancePath>
<Position>0 0.39499999999999996 0</Position>
</ConstraintGeometry>
</Concentric>
<Concentric name="Concentric7">
<ConstraintGeometry geomType="sphere">
<InstancePath>
<Uid>delta l1-2</Uid>
</InstancePath>
<Position>0.28249999999999997 -0.029999999999999916 -0.019999999999999907</Position>
</ConstraintGeometry>
<ConstraintGeometry geomType="sphere">
<InstancePath>
<Uid>deltal2-4</Uid>
</InstancePath>
<Position>0 0.39500000000000002 0</Position>
</ConstraintGeometry>
</Concentric>
<Concentric name="Concentric8">
<ConstraintGeometry geomType="sphere">
<InstancePath>
<Uid>delta l1-1</Uid>
</InstancePath>
<Position>0.28250000000000008 -0.030000000000000138 -0.020000000000000018</Position>
</ConstraintGeometry>
<ConstraintGeometry geomType="sphere">
<InstancePath>
<Uid>deltal2-2</Uid>
</InstancePath>
<Position>0 0.39499999999999991 0</Position>
</ConstraintGeometry>
</Concentric>
<Concentric name="Concentric16">
<ConstraintGeometry geomType="cylinder">
<InstancePath>
<Uid>headdelta-1</Uid>
</InstancePath>
<Position>0.10490381056766529 -0.33500000000000002 -0.11830127018922237</Position>
<Axis>0.50000000000000411 1.8369701987210351e-16 0.86602540378443649</Axis>
</ConstraintGeometry>
<ConstraintGeometry geomType="cylinder">
<InstancePath>
<Uid>delta l1-2</Uid>
</InstancePath>
<Position>0 0 -0.030000000000000027</Position>
<Axis>0 0 1</Axis>
</ConstraintGeometry>
</Concentric>
<Coincident name="Coincident5">
<ConstraintGeometry geomType="plane">
<InstancePath>
<Uid>headdelta-1</Uid>
</InstancePath>
<Position>0.11990381056766547 -0.33500000000000002 -0.092320508075689312</Position>
<Axis>0.500000000000004 1.8369701987210346e-16 0.86602540378443627</Axis>
</ConstraintGeometry>
<ConstraintGeometry geomType="plane">
<InstancePath>
<Uid>delta l1-2</Uid>
</InstancePath>
<Position>0 0 0</Position>
<Axis>0 0 -1</Axis>
</ConstraintGeometry>
</Coincident>
<Concentric name="Concentric17">
<ConstraintGeometry geomType="cylinder">
<InstancePath>
<Uid>headdelta-1</Uid>
</InstancePath>
<Position>-0.154903810567666 -0.33500000000000002 -0.031698729810776594</Position>
<Axis>0.49999999999999201 1.8369701987210203e-16 -0.86602540378444337</Axis>
</ConstraintGeometry>
<ConstraintGeometry geomType="cylinder">
<InstancePath>
<Uid>delta l1-3</Uid>
</InstancePath>
<Position>0 0 -0.029999999999999971</Position>
<Axis>0 0 1</Axis>
</ConstraintGeometry>
</Concentric>
<Concentric name="Concentric31">
<ConstraintGeometry geomType="sphere">
<InstancePath>
<Uid>deltahinge-1</Uid>
</InstancePath>
<Position>0.032631397208144675 0 0.05348076211353292</Position>
</ConstraintGeometry>
<ConstraintGeometry geomType="sphere">
<InstancePath>
<Uid>deltal2-3</Uid>
</InstancePath>
<Position>0 -0.39500000000000002 0</Position>
</ConstraintGeometry>
</Concentric>
<Concentric name="Concentric30">
<ConstraintGeometry geomType="sphere">
<InstancePath>
<Uid>deltahinge-1</Uid>
</InstancePath>
<Position>0.062631397208144202 1.1102230246251565e-16 0.0015192378864663514</Position>
</ConstraintGeometry>
<ConstraintGeometry geomType="sphere">
<InstancePath>
<Uid>deltal2-5</Uid>
</InstancePath>
<Position>0 -0.39499999999999996 0</Position>
</ConstraintGeometry>
</Concentric>
<Concentric name="Concentric29">
<ConstraintGeometry geomType="sphere">
<InstancePath>
<Uid>deltahinge-1</Uid>
</InstancePath>
<Position>-0.032631397208143814 0 0.053480762113533364</Position>
</ConstraintGeometry>
<ConstraintGeometry geomType="sphere">
<InstancePath>
<Uid>deltal2-4</Uid>
</InstancePath>
<Position>1.1102230246251565e-16 -0.39500000000000002 0</Position>
</ConstraintGeometry>
</Concentric>
<Concentric name="Concentric28">
<ConstraintGeometry geomType="sphere">
<InstancePath>
<Uid>deltahinge-1</Uid>
</InstancePath>
<Position>-0.062631397208144118 0 0.0015192378864671285</Position>
</ConstraintGeometry>
<ConstraintGeometry geomType="sphere">
<InstancePath>
<Uid>deltal2-6</Uid>
</InstancePath>
<Position>0 -0.39499999999999996 0</Position>
</ConstraintGeometry>
</Concentric>
<Concentric name="Concentric27">
<ConstraintGeometry geomType="sphere">
<InstancePath>
<Uid>deltahinge-1</Uid>
</InstancePath>
<Position>-0.029999999999999999 0 -0.054999999999999938</Position>
</ConstraintGeometry>
<ConstraintGeometry geomType="sphere">
<InstancePath>
<Uid>deltal2-2</Uid>
</InstancePath>
<Position>0 -0.39499999999999991 0</Position>
</ConstraintGeometry>
</Concentric>
<Concentric name="Concentric26">
<ConstraintGeometry geomType="sphere">
<InstancePath>
<Uid>deltahinge-1</Uid>
</InstancePath>
<Position>0.030000000000000027 0 -0.054999999999999938</Position>
</ConstraintGeometry>
<ConstraintGeometry geomType="sphere">
<InstancePath>
<Uid>deltal2-1</Uid>
</InstancePath>
<Position>0 -0.39500000000000002 -1.1102230246251565e-16</Position>
</ConstraintGeometry>
</Concentric>
<Coincident name="Coincident6">
<ConstraintGeometry geomType="plane">
<InstancePath>
<Uid>headdelta-1</Uid>
</InstancePath>
<Position>-0.13990381056766624 -0.33500000000000002 -0.057679491924309934</Position>
<Axis>0.49999999999999195 1.8369701987210201e-16 -0.86602540378444326</Axis>
</ConstraintGeometry>
<ConstraintGeometry geomType="plane">
<InstancePath>
<Uid>delta l1-3</Uid>
</InstancePath>
<Position>0 0 0</Position>
<Axis>0 0 -1</Axis>
</ConstraintGeometry>
</Coincident>
</Constraints>
</RootAssembly>
<Assemblies>
</Assemblies>
<Parts>
<Part name="delta l1" uid="delta l1*:*Default" version="263">
<ModelUnits mass="kilogram" length="millimeter"/>
<PartFile name="delta l1.SLDPRT" type="SolidWorks Part"/>
<MassProperties>
<Mass>0.64688441203851466</Mass>
<CenterOfMass>0.11479225214698115 -0.0018215258598961847 0.017957666893411262</CenterOfMass>
<Inertia>0.00021045085578867546 0.0073273459454238112 0.0073054381445573236 2.4065085864634242e-06 -0.00015164984633382861 0.00019592495268173527</Inertia>
</MassProperties>
<GeometryFile name="delta l1_Default_sldprt.STEP" type="STEP"/>
<VisualProperties>
<Ambient r="1" g="1" b="1" a="1"/>
<Diffuse r="1" g="1" b="1" a="1"/>
<Specular r="1" g="1" b="1" a="1"/>
<Emissive r="0.050000000000000003" g="0.050000000000000003" b="0.050000000000000003" a="1"/>
<Shininess>0.3125</Shininess>
</VisualProperties>
</Part>
<Part name="deltahinge" uid="deltahinge*:*Default" version="165">
<ModelUnits mass="kilogram" length="millimeter"/>
<PartFile name="deltahinge.SLDPRT" type="SolidWorks Part"/>
<MassProperties>
<Mass>0.20739711244002043</Mass>
<CenterOfMass>0 0.0073451007955703564 2.6963346201651872e-10</CenterOfMass>
<Inertia>0.00017256888140343191 0.00027715410252920794 0.00017256884108882961 3.8981148684936871e-13 0 0</Inertia>
</MassProperties>
<GeometryFile name="deltahinge_Default_sldprt.STEP" type="STEP"/>
<VisualProperties>
<Ambient r="0.89803921568627454" g="0.91764705882352937" b="0.92941176470588238" a="1"/>
<Diffuse r="0.89803921568627454" g="0.91764705882352937" b="0.92941176470588238" a="1"/>
<Specular r="0.44901960784313727" g="0.45882352941176469" b="0.46470588235294119" a="1"/>
<Emissive r="0" g="0" b="0" a="1"/>
<Shininess>0.3125</Shininess>
</VisualProperties>
</Part>
<Part name="deltal2" uid="deltal2*:*Default" version="182">
<ModelUnits mass="kilogram" length="millimeter"/>
<PartFile name="deltal2.SLDPRT" type="SolidWorks Part"/>
<MassProperties>
<Mass>0.12746075709740667</Mass>
<CenterOfMass>0.00010914594527246854 0 -5.8373428005204816e-09</CenterOfMass>
<Inertia>0.008148246109784589 2.2119693625329461e-06 0.0081481829051533502 -2.2036824409246688e-10 -5.5105038754769429e-12 0</Inertia>
</MassProperties>
<GeometryFile name="deltal2_Default_sldprt.STEP" type="STEP"/>
<VisualProperties>
<Ambient r="0.792156862745098" g="0.81960784313725488" b="0.93333333333333335" a="1"/>
<Diffuse r="0.792156862745098" g="0.81960784313725488" b="0.93333333333333335" a="1"/>
<Specular r="0.396078431372549" g="0.40980392156862744" b="0.46666666666666667" a="1"/>
<Emissive r="0" g="0" b="0" a="1"/>
<Shininess>0.40000000596046448</Shininess>
</VisualProperties>
</Part>
<Part name="headdelta" uid="headdelta*:*Default" version="446">
<ModelUnits mass="kilogram" length="millimeter"/>
<PartFile name="headdelta.SLDPRT" type="SolidWorks Part"/>
<MassProperties>
<Mass>21.074753114606807</Mass>
<CenterOfMass>5.7910177717308703e-07 -0.30512046943782362 -2.6691846492600034e-07</CenterOfMass>
<Inertia>0.61076540913338773 1.1898765678090175 0.610752727613605 -1.3652192538751209e-08 -1.6400902450279704e-07 3.1244616682079954e-08</Inertia>
</MassProperties>
<GeometryFile name="headdelta_Default_sldprt.STEP" type="STEP"/>
<VisualProperties>
<Ambient r="0.792156862745098" g="0.81960784313725488" b="0.93333333333333335" a="1"/>
<Diffuse r="0.792156862745098" g="0.81960784313725488" b="0.93333333333333335" a="1"/>
<Specular r="0.396078431372549" g="0.40980392156862744" b="0.46666666666666667" a="1"/>
<Emissive r="0" g="0" b="0" a="1"/>
<Shininess>0.40000000596046448</Shininess>
</VisualProperties>
</Part>
</Parts>
</SimscapeMultibodyImportXML>
